0, 254, 987, 486, 371, 378, 763, 896, 384, 210
254, 0, 701, 237, 251, 7, 434, 616, 855, 698
987, 701, 0, 216, 423, 527, 968, 975, 922, 624
486, 237, 216, 0, 175, 61, 665, 403, 295, 425
371, 251, 423, 175, 0, 16, 458, 235, 811, 548
378, 7, 527, 61, 16, 0, 1, 316, 976, 934
763, 434, 968, 665, 458, 1, 0, 76, 716, 809
896, 616, 975, 403, 235, 316, 76, 0, 452, 669
384, 855, 922, 295, 811, 976, 716, 452, 0, 409
210, 698, 624, 425, 548, 934, 809, 669, 409, 0
